4.126025676727294922e+00
4.269507408142089844e+00
4.412969112396240234e+00
4.556396007537841797e+00
4.699802875518798828e+00
4.843168258666992188e+00
4.986513614654541016e+00
5.129824638366699219e+00
5.273101329803466797e+00
5.416350841522216797e+00
5.559559345245361328e+00
5.702733993530273438e+00
5.845880985260009766e+00
5.988986968994140625e+00
6.132052421569824219e+00
6.275076389312744141e+00
6.418066501617431641e+00
6.561015605926513672e+00
6.703923702239990234e+00
6.846790313720703125e+00
6.989616394042968750e+00
7.132394790649414062e+00
7.275132179260253906e+00
7.417821884155273438e+00
7.560470104217529297e+00
7.703057289123535156e+00
7.845616817474365234e+00
7.988108158111572266e+00
8.130558967590332031e+00
8.272961616516113281e+00
8.415308952331542969e+00
8.557602882385253906e+00
8.699841499328613281e+00
8.842039108276367188e+00
8.984168052673339844e+00
9.126242637634277344e+00
9.268262863159179688e+00
9.410235404968261719e+00
9.552139282226562500e+00
9.693982124328613281e+00
9.835769653320312500e+00
9.977502822875976562e+00
1.011916160583496094e+01
1.026076507568359375e+01
1.040229988098144531e+01
1.054378032684326172e+01
1.068518543243408203e+01
1.082652950286865234e+01
1.096780586242675781e+01
1.110901260375976562e+01
1.125015163421630859e+01
1.139122295379638672e+01
1.153223133087158203e+01
1.167315864562988281e+01
1.181401824951171875e+01
1.195480823516845703e+01
1.209551715850830078e+01
1.223615741729736328e+01
1.237672328948974609e+01
1.251721286773681641e+01
1.265762138366699219e+01
1.279796123504638672e+01
1.293821907043457031e+01
1.307839488983154297e+01
1.321849632263183594e+01
1.335852146148681641e+01
1.349845886230468750e+01
1.363831329345703125e+01
1.377808666229248047e+01
1.391777038574218750e+01
1.405737972259521484e+01
1.419690036773681641e+01
1.433633136749267578e+01
1.447568130493164062e+01
1.461493492126464844e+01
1.475411415100097656e+01
1.489319705963134766e+01
1.503218460083007812e+01
1.517109012603759766e+01
1.530990028381347656e+01
1.544862079620361328e+01
1.558724689483642578e+01
1.572578334808349609e+01
1.586421775817871094e+01
1.600256347656250000e+01
1.614080619812011719e+01
1.627896118164062500e+01
1.641701126098632812e+01
1.655496788024902344e+01
1.669282913208007812e+01
1.683058738708496094e+01
1.696824836730957031e+01
1.710580253601074219e+01
1.724325942993164062e+01
1.738061523437500000e+01
1.751786041259765625e+01
1.765501022338867188e+01
1.779205131530761719e+01
1.792899131774902344e+01
1.806582641601562500e+01
1.820254707336425781e+01
1.833916282653808594e+01
1.847567939758300781e+01
1.861207771301269531e+01
1.874836730957031250e+01
1.888454818725585938e+01
1.902062606811523438e+01
1.915657997131347656e+01
1.929243278503417969e+01
1.942816162109375000e+01
1.956378936767578125e+01
1.969930076599121094e+01
1.983468818664550781e+01
1.996996688842773438e+01
2.010512924194335938e+01
2.024017524719238281e+01
2.037510681152343750e+01
2.050991439819335938e+01
2.064461135864257812e+01
2.077918052673339844e+01
2.091363334655761719e+01
2.104796218872070312e+01
2.118218231201171875e+01
2.131626510620117188e+01
2.145023345947265625e+01
2.158407783508300781e+01
2.171779823303222656e+01
2.185139656066894531e+01
2.198486518859863281e+01
2.211821174621582031e+01
2.225143432617187500e+01
2.238452720642089844e+01
2.251749801635742188e+01
2.265033149719238281e+01
2.278304100036621094e+01
2.291562843322753906e+01
2.304808044433593750e+01
2.318039512634277344e+01
2.331259346008300781e+01
2.344465446472167969e+01
2.357658004760742188e+01
2.370836830139160156e+01
2.384003448486328125e+01
2.397156333923339844e+01
2.410296249389648438e+01
2.423421859741210938e+01
2.436534309387207031e+01
2.449633216857910156e+01
2.462717819213867188e+01
2.475789451599121094e+01
2.488847541809082031e+01
2.501891708374023438e+01
2.514922332763671875e+01
2.527939414978027344e+01
2.540941238403320312e+01
2.553929519653320312e+01
2.566902923583984375e+01
2.579863739013671875e+01
2.592809867858886719e+01
2.605742073059082031e+01
2.618659400939941406e+01
2.631562805175781250e+01
2.644451522827148438e+01
2.657326316833496094e+01
2.670186233520507812e+01
2.683031082153320312e+01
2.695862388610839844e+01
2.708679771423339844e+01
2.721480941772460938e+01
2.734268379211425781e+01
2.747039604187011719e+01
2.759798240661621094e+01
2.772540664672851562e+01
2.785268020629882812e+01
2.797981834411621094e+01
2.810679054260253906e+01
2.823361396789550781e+01
2.836030006408691406e+01
2.848682212829589844e+01
2.861320877075195312e+01
2.873943138122558594e+01
2.886550331115722656e+01
2.899142456054687500e+01
2.911718177795410156e+01
2.924280166625976562e+01
2.936825942993164062e+01
2.949356651306152344e+01
2.961870765686035156e+01
2.974370002746582031e+01
2.986854362487792969e+01
2.999322128295898438e+01
3.011774826049804688e+01
3.024212646484375000e+01
3.036634063720703125e+01
3.049039077758789062e+01
3.061429023742675781e+01
3.073802566528320312e+01
3.086159706115722656e+01
3.098501968383789062e+01
3.110828971862792969e+01
3.123138427734375000e+01
3.135432815551757812e+01
3.147710609436035156e+01
3.159972190856933594e+01
3.172218704223632812e+01
3.184449005126953125e+01
3.196662712097167969e+01
3.208860015869140625e+01
3.221039581298828125e+01
3.233205413818359375e+01
3.245353698730468750e+01
3.257485580444335938e+01
3.269601058959960938e+01
3.281699752807617188e+01
3.293782424926757812e+01
3.305848693847656250e+01
3.317898559570312500e+01
3.329932022094726562e+01
3.341949081420898438e+01
3.353949737548828125e+01
3.365932464599609375e+01
3.377899169921875000e+01
3.389849090576171875e+01
3.401782989501953125e+01
3.413698577880859375e+01
3.425598144531250000e+01
3.437481307983398438e+01
3.449348068237304688e+01
3.461197280883789062e+01
3.473029708862304688e+01
3.484844589233398438e+01
3.496643066406250000e+01
3.508425140380859375e+01
3.520189666748046875e+01
3.531937408447265625e+01
3.543667602539062500e+01
3.555381393432617188e+01
3.567077636718750000e+01
3.578757095336914062e+01
3.590419006347656250e+01
3.602064514160156250e+01
3.613692092895507812e+01
3.625302124023437500e+01
3.636895751953125000e+01
3.648471450805664062e+01
3.660030746459960938e+01
3.671572494506835938e+01
3.683096313476562500e+01
3.694604110717773438e+01
3.706092453002929688e+01
3.717565536499023438e+01
3.729019927978515625e+01
3.740457534790039062e+01
3.751876449584960938e+01
3.763278579711914062e+01
3.774664688110351562e+01
3.786031341552734375e+01
3.797381973266601562e+01
3.808714675903320312e+01
3.820029449462890625e+01
3.831326675415039062e+01
3.842605972290039062e+01
