1.456853103637695312e+01
1.461493492126464844e+01
1.466133975982666016e+01
1.470773029327392578e+01
1.475411415100097656e+01
1.480048370361328125e+01
1.484684085845947266e+01
1.489319705963134766e+01
1.493953323364257812e+01
1.498586845397949219e+01
1.503218460083007812e+01
1.507849979400634766e+01
1.512479496002197266e+01
1.517109012603759766e+01
1.521737098693847656e+01
1.526363945007324219e+01
1.530990028381347656e+01
1.535615348815917969e+01
1.540238761901855469e+01
1.544862079620361328e+01
1.549484062194824219e+01
1.554104709625244141e+01
1.558724689483642578e+01
1.563343906402587891e+01
1.567961120605468750e+01
1.572578334808349609e+01
1.577193450927734375e+01
1.581807994842529297e+01
1.586421775817871094e+01
1.591034889221191406e+01
1.595645904541015625e+01
1.600256347656250000e+01
1.604865264892578125e+01
1.609473609924316406e+01
1.614080619812011719e+01
1.618687629699707031e+01
1.623292541503906250e+01
1.627896118164062500e+01
1.632498931884765625e+01
1.637100410461425781e+01
1.641701126098632812e+01
1.646301269531250000e+01
1.650900077819824219e+01
1.655496788024902344e+01
1.660093498229980469e+01
1.664688873291015625e+01
1.669282913208007812e+01
1.673876190185546875e+01
1.678468132019042969e+01
1.683058738708496094e+01
1.687648582458496094e+01
1.692237091064453125e+01
1.696824836730957031e+01
1.701410675048828125e+01
1.705995750427246094e+01
1.710580253601074219e+01
1.715163230895996094e+01
1.719745063781738281e+01
1.724325942993164062e+01
1.728905677795410156e+01
1.733483886718750000e+01
1.738061523437500000e+01
1.742637825012207031e+01
1.747212600708007812e+01
1.751786041259765625e+01
1.756358909606933594e+01
1.760930252075195312e+01
1.765501022338867188e+01
1.770069885253906250e+01
1.774637794494628906e+01
1.779205131530761719e+01
1.783771133422851562e+01
1.788335800170898438e+01
1.792899131774902344e+01
1.797460937500000000e+01
1.802022171020507812e+01
1.806581878662109375e+01
1.811140441894531250e+01
1.815698242187500000e+01
1.820254707336425781e+01
1.824809646606445312e+01
1.829364013671875000e+01
1.833916282653808594e+01
1.838467979431152344e+01
1.843018341064453125e+01
1.847567939758300781e+01
1.852115440368652344e+01
1.856662178039550781e+01
1.861207771301269531e+01
1.865751838684082031e+01
1.870294570922851562e+01
1.874836730957031250e+01
1.879378128051757812e+01
1.883916854858398438e+01
1.888454818725585938e+01
1.892992019653320312e+01
1.897527885437011719e+01
1.902062606811523438e+01
1.906595039367675781e+01
1.911127471923828125e+01
1.915657997131347656e+01
1.920187759399414062e+01
1.924715614318847656e+01
1.929242515563964844e+01
1.933769035339355469e+01
1.938293266296386719e+01
1.942816162109375000e+01
1.947338485717773438e+01
1.951859474182128906e+01
1.956378936767578125e+01
1.960896492004394531e+01
1.965413856506347656e+01
1.969929313659667969e+01
1.974444007873535156e+01
1.978956794738769531e+01
1.983468818664550781e+01
1.987979507446289062e+01
1.992488861083984375e+01
1.996996688842773438e+01
2.001503181457519531e+01
2.006009101867675781e+01
2.010512924194335938e+01
2.015016174316406250e+01
2.019517135620117188e+01
2.024017524719238281e+01
2.028516578674316406e+01
2.033013725280761719e+01
2.037510681152343750e+01
2.042005538940429688e+01
2.046499252319335938e+01
2.050991439819335938e+01
2.055482864379882812e+01
2.059972381591796875e+01
2.064461135864257812e+01
2.068947982788085938e+01
2.073434066772460938e+01
2.077918052673339844e+01
2.082401466369628906e+01
2.086883354187011719e+01
2.091363334655761719e+01
2.095842552185058594e+01
2.100320434570312500e+01
2.104796218872070312e+01
2.109272003173828125e+01
2.113745117187500000e+01
2.118218231201171875e+01
2.122688484191894531e+01
2.127158164978027344e+01
2.131626510620117188e+01
2.136093521118164062e+01
2.140559005737304688e+01
2.145023345947265625e+01
2.149486160278320312e+01
2.153947639465332031e+01
2.158407783508300781e+01
2.162866401672363281e+01
