-1.233612823486328125e+02
-1.232174072265625000e+02
-1.230735397338867188e+02
-1.229296646118164062e+02
-1.227857971191406250e+02
-1.226419296264648438e+02
-1.224980545043945312e+02
-1.223541870117187500e+02
-1.222103118896484375e+02
-1.220664443969726562e+02
-1.219225692749023438e+02
-1.217787017822265625e+02
-1.216348266601562500e+02
-1.214909591674804688e+02
-1.213470840454101562e+02
-1.212032165527343750e+02
-1.210593414306640625e+02
-1.209154739379882812e+02
-1.207715988159179688e+02
-1.206277313232421875e+02
-1.204838562011718750e+02
-1.203399887084960938e+02
-1.201961135864257812e+02
-1.200522460937500000e+02
-1.199083786010742188e+02
-1.197645034790039062e+02
-1.196206359863281250e+02
-1.194767608642578125e+02
-1.193328933715820312e+02
-1.191890182495117188e+02
-1.190451507568359375e+02
-1.189012756347656250e+02
-1.187574081420898438e+02
-1.186135330200195312e+02
-1.184696655273437500e+02
-1.183257904052734375e+02
-1.181819229125976562e+02
-1.180380477905273438e+02
-1.178941802978515625e+02
-1.177503051757812500e+02
-1.176064376831054688e+02
-1.174625701904296875e+02
-1.173186950683593750e+02
-1.171748275756835938e+02
-1.170309524536132812e+02
-1.168870849609375000e+02
-1.167432098388671875e+02
-1.165993423461914062e+02
-1.164554672241210938e+02
-1.163115997314453125e+02
-1.161677246093750000e+02
-1.160238571166992188e+02
-1.158799819946289062e+02
-1.157361145019531250e+02
-1.155922393798828125e+02
-1.154483718872070312e+02
-1.153044967651367188e+02
-1.151606292724609375e+02
-1.150167541503906250e+02
-1.148728866577148438e+02
-1.147290191650390625e+02
-1.145851440429687500e+02
-1.144412765502929688e+02
-1.142974014282226562e+02
-1.141535339355468750e+02
-1.140096588134765625e+02
-1.138657913208007812e+02
-1.137219161987304688e+02
-1.135780487060546875e+02
-1.134341735839843750e+02
-1.132903060913085938e+02
-1.131464309692382812e+02
-1.130025634765625000e+02
-1.128586959838867188e+02
-1.127148208618164062e+02
-1.125709533691406250e+02
-1.124270782470703125e+02
-1.122832107543945312e+02
-1.121393356323242188e+02
-1.119954681396484375e+02
-1.118515930175781250e+02
-1.117077255249023438e+02
-1.115638504028320312e+02
-1.114199829101562500e+02
-1.112761077880859375e+02
-1.111322402954101562e+02
-1.109883651733398438e+02
-1.108444976806640625e+02
-1.107006225585937500e+02
-1.105567550659179688e+02
-1.104128799438476562e+02
-1.102690124511718750e+02
-1.101251449584960938e+02
-1.099812698364257812e+02
-1.098374023437500000e+02
-1.096935272216796875e+02
-1.095496597290039062e+02
-1.094057846069335938e+02
-1.092619171142578125e+02
-1.091180419921875000e+02
-1.089741744995117188e+02
-1.088302993774414062e+02
-1.086864318847656250e+02
-1.085425567626953125e+02
-1.083986892700195312e+02
-1.082548141479492188e+02
-1.081109466552734375e+02
-1.079670715332031250e+02
-1.078232040405273438e+02
-1.076793289184570312e+02
-1.075354614257812500e+02
-1.073915939331054688e+02
-1.072477188110351562e+02
-1.071038513183593750e+02
-1.069599761962890625e+02
-1.068161087036132812e+02
-1.066722335815429688e+02
-1.065283660888671875e+02
-1.063844909667968750e+02
-1.062406234741210938e+02
-1.060967483520507812e+02
-1.059528808593750000e+02
-1.058090057373046875e+02
-1.056651382446289062e+02
-1.055212631225585938e+02
-1.053773956298828125e+02
-1.052335281372070312e+02
-1.050896530151367188e+02
-1.049457855224609375e+02
-1.048019104003906250e+02
-1.046580429077148438e+02
-1.045141677856445312e+02
-1.043703002929687500e+02
-1.042264251708984375e+02
-1.040825576782226562e+02
-1.039386825561523438e+02
-1.037948150634765625e+02
-1.036509399414062500e+02
-1.035070724487304688e+02
-1.033631973266601562e+02
-1.032193298339843750e+02
-1.030754547119140625e+02
-1.029315872192382812e+02
-1.027877120971679688e+02
-1.026438446044921875e+02
-1.024999771118164062e+02
-1.023561019897460938e+02
-1.022122344970703125e+02
-1.020683593750000000e+02
-1.019244918823242188e+02
-1.017806167602539062e+02
-1.016367492675781250e+02
-1.014928741455078125e+02
-1.013490066528320312e+02
-1.012051315307617188e+02
-1.010612640380859375e+02
-1.009173889160156250e+02
-1.007735214233398438e+02
-1.006296463012695312e+02
-1.004857788085937500e+02
-1.003419113159179688e+02
-1.001980361938476562e+02
-1.000541687011718750e+02
-9.991029357910156250e+01
-9.976642608642578125e+01
-9.962255096435546875e+01
-9.947868347167968750e+01
-9.933480834960937500e+01
-9.919094085693359375e+01
-9.904706573486328125e+01
-9.890319824218750000e+01
-9.875932312011718750e+01
-9.861545562744140625e+01
-9.847158050537109375e+01
-9.832771301269531250e+01
-9.818383789062500000e+01
-9.803997039794921875e+01
-9.789609527587890625e+01
-9.775222778320312500e+01
-9.760836029052734375e+01
-9.746448516845703125e+01
-9.732061767578125000e+01
-9.717674255371093750e+01
-9.703287506103515625e+01
-9.688899993896484375e+01
-9.674513244628906250e+01
-9.660125732421875000e+01
-9.645738983154296875e+01
-9.631351470947265625e+01
-9.616964721679687500e+01
-9.602577209472656250e+01
-9.588190460205078125e+01
-9.573802947998046875e+01
-9.559416198730468750e+01
-9.545029449462890625e+01
-9.530641937255859375e+01
-9.516255187988281250e+01
-9.501867675781250000e+01
-9.487480926513671875e+01
-9.473093414306640625e+01
-9.458706665039062500e+01
-9.444319152832031250e+01
-9.429932403564453125e+01
-9.415544891357421875e+01
-9.401158142089843750e+01
-9.386770629882812500e+01
-9.372383880615234375e+01
-9.357996368408203125e+01
-9.343609619140625000e+01
-9.329222106933593750e+01
-9.314835357666015625e+01
-9.300447845458984375e+01
-9.286061096191406250e+01
-9.271674346923828125e+01
-9.257286834716796875e+01
-9.242900085449218750e+01
-9.228512573242187500e+01
-9.214125823974609375e+01
-9.199738311767578125e+01
-9.185351562500000000e+01
-9.170964050292968750e+01
-9.156577301025390625e+01
-9.142189788818359375e+01
-9.127803039550781250e+01
-9.113415527343750000e+01
-9.099028778076171875e+01
-9.084641265869140625e+01
-9.070254516601562500e+01
-9.055867767333984375e+01
-9.041480255126953125e+01
-9.027093505859375000e+01
-9.012705993652343750e+01
-8.998319244384765625e+01
-8.983931732177734375e+01
-8.969544982910156250e+01
-8.955157470703125000e+01
-8.940770721435546875e+01
-8.926383209228515625e+01
-8.911996459960937500e+01
-8.897608947753906250e+01
-8.883222198486328125e+01
-8.868834686279296875e+01
-8.854447937011718750e+01
-8.840060424804687500e+01
-8.825673675537109375e+01
-8.811286163330078125e+01
-8.796899414062500000e+01
-8.782512664794921875e+01
-8.768125152587890625e+01
-8.753738403320312500e+01
-8.739350891113281250e+01
-8.724964141845703125e+01
-8.710576629638671875e+01
-8.696189880371093750e+01
-8.681802368164062500e+01
-8.667415618896484375e+01
-8.653028106689453125e+01
-8.638641357421875000e+01
-8.624253845214843750e+01
-8.609867095947265625e+01
-8.595479583740234375e+01
-8.581092834472656250e+01
-8.566705322265625000e+01
-8.552318572998046875e+01
-8.537931060791015625e+01
-8.523544311523437500e+01
-8.509157562255859375e+01
-8.494770050048828125e+01
-8.480383300781250000e+01
-8.465995788574218750e+01
-8.451609039306640625e+01
-8.437221527099609375e+01
-8.422834777832031250e+01
-8.408447265625000000e+01
-8.394060516357421875e+01
-8.379673004150390625e+01
-8.365286254882812500e+01
-8.350898742675781250e+01
-8.336511993408203125e+01
-8.322125244140625000e+01
-8.307737731933593750e+01
-8.293350982666015625e+01
-8.278963470458984375e+01
-8.264576721191406250e+01
-8.250189208984375000e+01
-8.235802459716796875e+01
-8.221414947509765625e+01
-8.207028198242187500e+01
-8.192640686035156250e+01
-8.178253936767578125e+01
-8.163866424560546875e+01
-8.149479675292968750e+01
-8.135092163085937500e+01
-8.120705413818359375e+01
-8.106317901611328125e+01
-8.091931152343750000e+01
-8.077543640136718750e+01
-8.063156890869140625e+01
-8.048770141601562500e+01
-8.034382629394531250e+01
-8.019995880126953125e+01
-8.005608367919921875e+01
-7.991221618652343750e+01
-7.976834106445312500e+01
-7.962447357177734375e+01
-7.948059844970703125e+01
-7.933673095703125000e+01
-7.919285583496093750e+01
-7.904898834228515625e+01
-7.890511322021484375e+01
-7.876124572753906250e+01
-7.861737060546875000e+01
-7.847350311279296875e+01
-7.832962799072265625e+01
-7.818576049804687500e+01
-7.804189300537109375e+01
-7.789801788330078125e+01
-7.775415039062500000e+01
-7.761027526855468750e+01
-7.746640777587890625e+01
-7.732253265380859375e+01
-7.717866516113281250e+01
-7.703479003906250000e+01
-7.689092254638671875e+01
-7.674704742431640625e+01
-7.660317993164062500e+01
-7.645930480957031250e+01
-7.631543731689453125e+01
-7.617156219482421875e+01
-7.602769470214843750e+01
-7.588381958007812500e+01
-7.573995208740234375e+01
-7.559607696533203125e+01
-7.545220947265625000e+01
-7.530834197998046875e+01
-7.516446685791015625e+01
-7.502059936523437500e+01
-7.487672424316406250e+01
