-1.061447067260742188e+02
-1.060967483520507812e+02
-1.060487899780273438e+02
-1.060008392333984375e+02
-1.059528808593750000e+02
-1.059049224853515625e+02
-1.058569641113281250e+02
-1.058090057373046875e+02
-1.057610473632812500e+02
-1.057130966186523438e+02
-1.056651382446289062e+02
-1.056171798706054688e+02
-1.055692214965820312e+02
-1.055212631225585938e+02
-1.054733047485351562e+02
-1.054253540039062500e+02
-1.053773956298828125e+02
-1.053294372558593750e+02
-1.052814788818359375e+02
-1.052335205078125000e+02
-1.051855697631835938e+02
-1.051376113891601562e+02
-1.050896530151367188e+02
-1.050416946411132812e+02
-1.049937362670898438e+02
-1.049457778930664062e+02
-1.048978271484375000e+02
-1.048498687744140625e+02
-1.048019104003906250e+02
-1.047539520263671875e+02
-1.047059936523437500e+02
-1.046580352783203125e+02
-1.046100845336914062e+02
-1.045621261596679688e+02
-1.045141677856445312e+02
-1.044662094116210938e+02
-1.044182510375976562e+02
-1.043703002929687500e+02
-1.043223419189453125e+02
-1.042743835449218750e+02
-1.042264251708984375e+02
-1.041784667968750000e+02
-1.041305084228515625e+02
-1.040825576782226562e+02
-1.040345993041992188e+02
-1.039866409301757812e+02
-1.039386825561523438e+02
-1.038907241821289062e+02
-1.038427658081054688e+02
-1.037948150634765625e+02
-1.037468566894531250e+02
-1.036988983154296875e+02
-1.036509399414062500e+02
-1.036029815673828125e+02
-1.035550308227539062e+02
-1.035070724487304688e+02
-1.034591140747070312e+02
-1.034111557006835938e+02
-1.033631973266601562e+02
-1.033152389526367188e+02
-1.032672882080078125e+02
-1.032193298339843750e+02
-1.031713714599609375e+02
-1.031234130859375000e+02
-1.030754547119140625e+02
-1.030274963378906250e+02
-1.029795455932617188e+02
-1.029315872192382812e+02
-1.028836288452148438e+02
-1.028356704711914062e+02
-1.027877120971679688e+02
-1.027397613525390625e+02
-1.026918029785156250e+02
-1.026438446044921875e+02
-1.025958862304687500e+02
-1.025479278564453125e+02
-1.024999694824218750e+02
-1.024520187377929688e+02
-1.024040603637695312e+02
-1.023561019897460938e+02
-1.023081436157226562e+02
-1.022601852416992188e+02
-1.022122268676757812e+02
-1.021642761230468750e+02
-1.021163177490234375e+02
-1.020683593750000000e+02
-1.020204010009765625e+02
-1.019724426269531250e+02
-1.019244918823242188e+02
-1.018765335083007812e+02
-1.018285751342773438e+02
-1.017806167602539062e+02
-1.017326583862304688e+02
-1.016847000122070312e+02
-1.016367492675781250e+02
-1.015887908935546875e+02
-1.015408325195312500e+02
-1.014928741455078125e+02
-1.014449157714843750e+02
-1.013969573974609375e+02
-1.013490066528320312e+02
-1.013010482788085938e+02
-1.012530899047851562e+02
-1.012051315307617188e+02
-1.011571731567382812e+02
-1.011092224121093750e+02
-1.010612640380859375e+02
-1.010133056640625000e+02
-1.009653472900390625e+02
-1.009173889160156250e+02
-1.008694305419921875e+02
-1.008214797973632812e+02
-1.007735214233398438e+02
-1.007255630493164062e+02
-1.006776046752929688e+02
-1.006296463012695312e+02
-1.005816879272460938e+02
-1.005337371826171875e+02
-1.004857788085937500e+02
-1.004378204345703125e+02
-1.003898620605468750e+02
-1.003419036865234375e+02
-1.002939529418945312e+02
-1.002459945678710938e+02
-1.001980361938476562e+02
-1.001500778198242188e+02
-1.001021194458007812e+02
-1.000541610717773438e+02
-1.000062103271484375e+02
-9.995825195312500000e+01
-9.991029357910156250e+01
-9.986233520507812500e+01
-9.981437683105468750e+01
-9.976641845703125000e+01
-9.971846771240234375e+01
-9.967050933837890625e+01
-9.962255096435546875e+01
-9.957459259033203125e+01
-9.952663421630859375e+01
-9.947868347167968750e+01
-9.943072509765625000e+01
-9.938276672363281250e+01
-9.933480834960937500e+01
-9.928684997558593750e+01
-9.923889160156250000e+01
-9.919094085693359375e+01
-9.914298248291015625e+01
-9.909502410888671875e+01
-9.904706573486328125e+01
-9.899910736083984375e+01
-9.895114898681640625e+01
-9.890319824218750000e+01
-9.885523986816406250e+01
-9.880728149414062500e+01
-9.875932312011718750e+01
-9.871136474609375000e+01
-9.866341400146484375e+01
-9.861545562744140625e+01
-9.856749725341796875e+01
-9.851953887939453125e+01
-9.847158050537109375e+01
-9.842362213134765625e+01
-9.837567138671875000e+01
-9.832771301269531250e+01
-9.827975463867187500e+01
-9.823179626464843750e+01
-9.818383789062500000e+01
-9.813587951660156250e+01
-9.808792877197265625e+01
-9.803997039794921875e+01
-9.799201202392578125e+01
-9.794405364990234375e+01
-9.789609527587890625e+01
-9.784814453125000000e+01
-9.780018615722656250e+01
-9.775222778320312500e+01
-9.770426940917968750e+01
-9.765631103515625000e+01
-9.760835266113281250e+01
-9.756040191650390625e+01
-9.751244354248046875e+01
-9.746448516845703125e+01
-9.741652679443359375e+01
-9.736856842041015625e+01
-9.732061004638671875e+01
-9.727265930175781250e+01
-9.722470092773437500e+01
-9.717674255371093750e+01
-9.712878417968750000e+01
-9.708082580566406250e+01
-9.703287506103515625e+01
-9.698491668701171875e+01
-9.693695831298828125e+01
-9.688899993896484375e+01
-9.684104156494140625e+01
-9.679308319091796875e+01
-9.674513244628906250e+01
-9.669717407226562500e+01
-9.664921569824218750e+01
-9.660125732421875000e+01
-9.655329895019531250e+01
-9.650534057617187500e+01
-9.645738983154296875e+01
-9.640943145751953125e+01
-9.636147308349609375e+01
-9.631351470947265625e+01
-9.626555633544921875e+01
-9.621760559082031250e+01
-9.616964721679687500e+01
-9.612168884277343750e+01
-9.607373046875000000e+01
-9.602577209472656250e+01
-9.597781372070312500e+01
-9.592986297607421875e+01
-9.588190460205078125e+01
-9.583394622802734375e+01
-9.578598785400390625e+01
-9.573802947998046875e+01
-9.569007110595703125e+01
-9.564212036132812500e+01
-9.559416198730468750e+01
-9.554620361328125000e+01
-9.549824523925781250e+01
-9.545028686523437500e+01
-9.540233612060546875e+01
-9.535437774658203125e+01
-9.530641937255859375e+01
-9.525846099853515625e+01
-9.521050262451171875e+01
-9.516254425048828125e+01
-9.511459350585937500e+01
-9.506663513183593750e+01
-9.501867675781250000e+01
-9.497071838378906250e+01
-9.492276000976562500e+01
-9.487480163574218750e+01
-9.482685089111328125e+01
-9.477889251708984375e+01
-9.473093414306640625e+01
-9.468297576904296875e+01
-9.463501739501953125e+01
-9.458706665039062500e+01
-9.453910827636718750e+01
-9.449114990234375000e+01
-9.444319152832031250e+01
-9.439523315429687500e+01
-9.434727478027343750e+01
-9.429932403564453125e+01
-9.425136566162109375e+01
-9.420340728759765625e+01
-9.415544891357421875e+01
-9.410749053955078125e+01
-9.405953216552734375e+01
-9.401158142089843750e+01
-9.396362304687500000e+01
-9.391566467285156250e+01
-9.386770629882812500e+01
-9.381974792480468750e+01
-9.377179718017578125e+01
-9.372383880615234375e+01
-9.367588043212890625e+01
-9.362792205810546875e+01
-9.357996368408203125e+01
-9.353200531005859375e+01
-9.348405456542968750e+01
-9.343609619140625000e+01
-9.338813781738281250e+01
-9.334017944335937500e+01
-9.329222106933593750e+01
-9.324426269531250000e+01
-9.319631195068359375e+01
-9.314835357666015625e+01
-9.310039520263671875e+01
